iteration :  0
chromosomes: 
[[139.43, -474.99, -224.97, -276.79, 236.47, 176.7, 392.18, -413.06, -78.08], [148.04, 109.13, -328.86, 229.13, -336.6, -120.54, 489.52, 140.0, 56.95], [-267.21, -399.0, -222.03, 135.68, -135.17, -129.82, -290.49, -233.02, 436.65], [-403.28, 347.49, 103.73, 307.13, 229.73, 36.23, 473.12, -121.47, 52.04], [-470.2, -281.36, 5.36, -473.46, -301.16, 149.88, 44.94, -279.56, 89.27], [184.61, 342.85, 276.0, -270.95, -467.9, -184.55, -232.26, -289.02, 442.91], [139.43, -62.7904, -224.97, -276.79, 236.47, 176.7, 392.18, -413.06, -78.08], [139.43, -62.7904, -224.97, -276.79, 236.47, 176.7, 392.18, -413.06, -78.08], [139.43, -474.99, -224.97, -276.79, -336.6, -120.54, 489.52, 140.0, 56.95], [139.43, -62.7904, -224.97, -276.79, 236.47, 176.7, 392.18, -413.06, -78.08], [139.43, -62.7904, -224.97, -276.79, 236.47, 176.7, 392.18, -413.06, -78.08], [139.43, -474.99, -224.97, -276.79, -336.6, -120.54, 489.52, 140.0, 56.95]]
fitness: [2782, 385, 255, 63, 47, 28, 5552, 2969, 2859, 2474, 1952, 1824]
best_score: 5552
****************************************************************************
iteration :  1
chromosomes: 
[[139.43, -62.7904, -224.97, -276.79, 236.47, 176.7, 392.18, -413.06, -78.08], [139.43, -62.7904, -224.97, -276.79, 236.47, 176.7, 392.18, -413.06, -78.08], [139.43, -474.99, -224.97, -276.79, -336.6, -120.54, 489.52, 140.0, 56.95], [139.43, -474.99, -224.97, -276.79, 236.47, 176.7, 392.18, -413.06, -78.08], [139.43, -62.7904, -224.97, -276.79, 236.47, 176.7, 392.18, -413.06, -78.08], [139.43, -62.7904, -224.97, -276.79, 236.47, 176.7, 392.18, -413.06, -78.08], [139.43, -62.7904, -224.97, -276.79, 236.47, 176.7, 392.18, -413.06, -78.08], [139.43, -474.99, -224.97, -276.79, 236.47, 176.7, 392.18, -21.8635, -78.08], [139.43, -62.7904, -224.97, -276.79, 236.47, 176.7, 392.18, -413.06, -78.08], [139.43, 60.3978, -224.97, -276.79, 236.47, 176.7, 392.18, -413.06, -78.08], [139.43, -36.6748, -224.97, -276.79, 236.47, 176.7, 392.18, -413.06, -78.08], [139.43, -62.7904, -224.97, -276.79, 236.47, 176.7, 392.18, -413.06, -78.08]]
fitness: [5552, 2969, 2859, 2782, 2474, 1952, 4892, 4863, 3585, 3184, 2794, 2689]
best_score: 5552
****************************************************************************
iteration :  2
chromosomes: 
[[139.43, -62.7904, -224.97, -276.79, 236.47, 176.7, 392.18, -413.06, -78.08], [139.43, -62.7904, -224.97, -276.79, 236.47, 176.7, 392.18, -413.06, -78.08], [139.43, -474.99, -224.97, -276.79, 236.47, 176.7, 392.18, -21.8635, -78.08], [139.43, -62.7904, -224.97, -276.79, 236.47, 176.7, 392.18, -413.06, -78.08], [139.43, 60.3978, -224.97, -276.79, 236.47, 176.7, 392.18, -413.06, -78.08], [139.43, -62.7904, -224.97, -276.79, 236.47, 176.7, 392.18, -413.06, -78.08], [139.43, -474.99, -224.97, -276.79, 236.47, 176.7, 392.18, -21.8635, -78.08], [139.43, -62.7904, -224.97, -276.79, 76.0341, 176.7, 392.18, -21.8635, -78.08], [139.43, -93.5355, -224.97, -276.79, 236.47, 176.7, 392.18, -21.8635, -78.08], [139.43, -62.7904, -224.97, -276.79, 236.47, 176.7, 392.18, -413.06, -78.08], [139.43, -62.7904, -224.97, -276.79, 236.47, 176.7, 392.18, -21.8635, -78.08], [139.43, -474.99, -224.97, -276.79, 236.47, 176.7, 392.18, -413.06, -78.08]]
fitness: [5552, 4892, 4863, 3585, 3184, 2969, 6560, 6394, 5795, 5511, 5019, 3156]
best_score: 6560
****************************************************************************
iteration :  3
chromosomes: 
[[139.43, -474.99, -224.97, -276.79, 236.47, 176.7, 392.18, -21.8635, -78.08], [139.43, -62.7904, -224.97, -276.79, 76.0341, 176.7, 392.18, -21.8635, -78.08], [139.43, -93.5355, -224.97, -276.79, 236.47, 176.7, 392.18, -21.8635, -78.08], [139.43, -62.7904, -224.97, -276.79, 236.47, 176.7, 392.18, -413.06, -78.08], [139.43, -62.7904, -224.97, -276.79, 236.47, 176.7, 392.18, -413.06, -78.08], [139.43, -62.7904, -224.97, -276.79, 236.47, 176.7, 392.18, -21.8635, -78.08], [139.43, -62.7904, -224.97, -276.79, 76.0341, 176.7, 392.18, -34.3668, -78.08], [139.43, -62.7904, -224.97, -276.79, 236.47, 176.7, 392.18, -21.8635, -78.08], [139.43, -474.99, -224.97, -276.79, 236.47, 176.7, 392.18, -21.8635, -78.08], [139.43, -474.99, -224.97, 65.442, 236.47, 176.7, 392.18, -21.8635, 58.8808], [139.43, 60.3978, -224.97, -276.79, 236.47, 176.7, 392.18, -413.06, -78.08], [139.43, -62.7904, -224.97, -276.79, 236.47, 176.7, 392.18, -21.8635, -78.08]]
fitness: [6560, 6394, 5795, 5552, 5511, 5019, 8723, 6914, 5402, 4183, 2957, 2838]
best_score: 8723
****************************************************************************
iteration :  4
chromosomes: 
[[139.43, -62.7904, -224.97, -276.79, 76.0341, 176.7, 392.18, -34.3668, -78.08], [139.43, -62.7904, -224.97, -276.79, 236.47, 176.7, 392.18, -21.8635, -78.08], [139.43, -474.99, -224.97, -276.79, 236.47, 176.7, 392.18, -21.8635, -78.08], [139.43, -62.7904, -224.97, -276.79, 76.0341, 176.7, 392.18, -21.8635, -78.08], [139.43, -93.5355, -224.97, -276.79, 236.47, 176.7, 392.18, -21.8635, -78.08], [139.43, -62.7904, -224.97, -276.79, 236.47, 176.7, 392.18, -413.06, -78.08], [139.43, 60.3978, -224.97, -276.79, 236.47, 176.7, 392.18, -21.8635, -78.08], [139.43, -474.99, -224.97, -276.79, 236.47, 176.7, 392.18, -21.8635, -78.08], [139.43, -74.7488, -224.97, -276.79, 236.47, 176.7, 392.18, -413.06, -78.08], [139.43, -474.99, -224.97, -276.79, 236.47, 176.7, -78.3589, -21.8635, -78.08], [139.43, -62.7904, -224.97, -276.79, 236.47, 176.7, 392.18, -21.8635, -78.08], [139.43, -62.7904, -224.97, -276.79, 236.47, 176.7, 392.18, -21.8635, -78.08]]
fitness: [8723, 6914, 6560, 6394, 5795, 5552, 10395, 7257, 5566, 5463, 5208, 4789]
best_score: 10395
****************************************************************************
